insert into t values(1);
insert into t values(2);
insert into t values(3);
insert into t values(4);
insert into t values(5);
insert into t values(6);
insert into t values(7);
insert into t values(8);
insert into t values(9);
insert into t values(10);

insert into t values('88888', '1888', 1888, 1888, '2022-01-01 10:00:01', '2022-01-01 10:00:01');
insert into t values('888888', '2888', 2888, 2888, '2022-01-01 10:00:02', '2022-01-01 10:00:11');
insert into t values('8888888', '3888', 3888, 3888, '2022-01-01 10:00:03', '2022-01-01 10:00:21');
insert into t values('88888888', '4888', 4888, 4888, '2022-01-01 10:00:04', '2022-01-01 10:00:31');
insert into t values('888888888', '5888', 5888, 5888, '2022-01-01 10:00:05', '2022-01-01 10:00:41');
insert into t values('8888888888', '6888', 6888, 6888, '2022-01-01 10:00:06', '2022-01-01 10:00:51');
insert into t values('88888888888', '7888', 7888, 7888, '2022-01-01 10:00:07', '2022-01-01 10:00:02');
insert into t values('888888888888', '8888', 8888, 8888, '2022-01-01 10:00:08', '2022-01-01 10:00:03');
insert into t values('8888888888888', '9888', 9888, 9888, '2022-01-01 10:00:09', '2022-01-01 10:00:04');

**************value=[0, 1, 9, 0, 0, 0, 1, 0, 0, 132, 216, 181, 236, 71, 3]*****************
**************value=[0, 1, 9, 0, 0, 0, 1, 0, 0, 132, 216, 181, 236, 71, 3]*****************
**************value=[0, 1, 9, 0, 0, 0, 1, 0, 0, 132, 216, 181, 236, 71, 3]*****************
**************value=[0, 1, 9, 0, 0, 0, 1, 0, 0, 132, 216, 181, 236, 71, 3]*****************
**************value=[0, 1, 9, 0, 0, 0, 1, 0, 0, 132, 216, 181, 236, 71, 3]*****************
**************value=[0, 1, 9, 0, 0, 0, 1, 0, 0, 132, 216, 181, 236, 71, 3]*****************
**************value=[0, 1, 9, 0, 0, 0, 1, 0, 0, 132, 216, 181, 236, 71, 3]*****************
**************value=[0, 1, 9, 0, 0, 0, 1, 0, 0, 132, 216, 181, 236, 71, 3]*****************
**************value=[0, 1, 9, 0, 0, 0, 1, 0, 0, 132, 216, 181, 236, 71, 3]*****************
**************value=[0, 1, 9, 0, 0, 0, 1, 0, 0, 132, 216, 181, 236, 71, 3]*****************
**************value=[0, 1, 9, 0, 0, 0, 1, 0, 0, 132, 216, 181, 236, 71, 3]*****************
**************value=[0, 1, 9, 0, 0, 0, 1, 0, 0, 132, 216, 181, 236, 71, 3]*****************
**************value=[0, 1, 8, 0, 0, 0, 1, 0, 0, 12, 31, 181, 236, 71, 3]*****************
**************value=[0, 1, 8, 0, 0, 0, 1, 0, 0, 12, 31, 181, 236, 71, 3]*****************
**************value=[0, 1, 8, 0, 0, 0, 1, 0, 0, 12, 31, 181, 236, 71, 3]*****************
**************value=[0, 1, 8, 0, 0, 0, 1, 0, 0, 12, 31, 181, 236, 71, 3]*****************
**************value=[0, 1, 8, 0, 0, 0, 1, 0, 0, 12, 31, 181, 236, 71, 3]*****************
**************value=[0, 1, 8, 0, 0, 0, 1, 0, 0, 12, 31, 181, 236, 71, 3]*****************
**************value=[0, 1, 8, 0, 0, 0, 1, 0, 0, 12, 31, 181, 236, 71, 3]*****************
**************value=[0, 1, 8, 0, 0, 0, 1, 0, 0, 12, 31, 181, 236, 71, 3]*****************
**************value=[0, 1, 8, 0, 0, 0, 1, 0, 0, 12, 31, 181, 236, 71, 3]*****************
**************value=[0, 1, 6, 0, 0, 0, 1, 0, 0, 200, 23, 181, 236, 71, 3]*****************
**************value=[0, 1, 6, 0, 0, 0, 1, 0, 0, 200, 23, 181, 236, 71, 3]*****************
**************value=[0, 1, 6, 0, 0, 0, 1, 0, 0, 200, 23, 181, 236, 71, 3]*****************
**************value=[0, 1, 6, 0, 0, 0, 1, 0, 0, 200, 23, 181, 236, 71, 3]*****************
**************value=[0, 1, 6, 0, 0, 0, 1, 0, 0, 200, 23, 181, 236, 71, 3]*****************
**************value=[0, 1, 6, 0, 0, 0, 1, 0, 0, 200, 23, 181, 236, 71, 3]*****************
**************value=[0, 1, 6, 0, 0, 0, 1, 0, 0, 200, 23, 181, 236, 71, 3]*****************
**************value=[0, 1, 6, 0, 0, 0, 1, 0, 0, 200, 23, 181, 236, 71, 3]*****************
**************value=[0, 1, 6, 0, 0, 0, 1, 0, 0, 200, 23, 181, 236, 71, 3]*****************
**************value=[0, 1, 6, 0, 0, 0, 1, 0, 0, 200, 23, 181, 236, 71, 3]*****************
**************value=[0, 1, 6, 0, 0, 0, 1, 0, 0, 200, 23, 181, 236, 71, 3]*****************
**************value=[0, 1, 6, 0, 0, 0, 1, 0, 0, 200, 23, 181, 236, 71, 3]*****************
**************value=[0, 1, 8, 0, 0, 0, 1, 0, 0, 12, 31, 181, 236, 71, 3]*****************
**************value=[0, 1, 2, 0, 0, 0, 1, 0, 0, 196, 12, 181, 236, 71, 3]*****************
**************value=[0, 1, 2, 0, 0, 0, 1, 0, 0, 196, 12, 181, 236, 71, 3]*****************
**************value=[0, 1, 2, 0, 0, 0, 1, 0, 0, 196, 12, 181, 236, 71, 3]*****************
**************value=[0, 1, 2, 0, 0, 0, 1, 0, 0, 196, 12, 181, 236, 71, 3]*****************
**************value=[0, 1, 2, 0, 0, 0, 1, 0, 0, 196, 12, 181, 236, 71, 3]*****************
**************value=[0, 1, 2, 0, 0, 0, 1, 0, 0, 196, 12, 181, 236, 71, 3]*****************
**************value=[0, 1, 2, 0, 0, 0, 1, 0, 0, 196, 12, 181, 236, 71, 3]*****************
**************value=[0, 1, 2, 0, 0, 0, 1, 0, 0, 196, 12, 181, 236, 71, 3]*****************
**************value=[0, 1, 2, 0, 0, 0, 1, 0, 0, 196, 12, 181, 236, 71, 3]*****************
**************value=[0, 1, 2, 0, 0, 0, 1, 0, 0, 196, 12, 181, 236, 71, 3]*****************
**************value=[0, 1, 2, 0, 0, 0, 1, 0, 0, 196, 12, 181, 236, 71, 3]*****************
**************value=[0, 1, 2, 0, 0, 0, 1, 0, 0, 196, 12, 181, 236, 71, 3]*****************
**************value=[0, 1, 2, 0, 0, 0, 1, 0, 0, 196, 12, 181, 236, 71, 3]*****************
**************value=[0, 1, 2, 0, 0, 0, 1, 0, 0, 196, 12, 181, 236, 71, 3]*****************
**************value=[0, 1, 2, 0, 0, 0, 1, 0, 0, 196, 12, 181, 236, 71, 3]*****************
**************value=[0, 1, 2, 0, 0, 0, 1, 0, 0, 196, 12, 181, 236, 71, 3]*****************
**************value=[0, 1, 2, 0, 0, 0, 1, 0, 0, 196, 12, 181, 236, 71, 3]*****************
**************value=[0, 1, 2, 0, 0, 0, 1, 0, 0, 196, 12, 181, 236, 71, 3]*****************
**************value=[0, 1, 2, 0, 0, 0, 1, 0, 0, 196, 12, 181, 236, 71, 3]*****************
**************value=[0, 1, 2, 0, 0, 0, 1, 0, 0, 196, 12, 181, 236, 71, 3]*****************
**************value=[0, 1, 2, 0, 0, 0, 1, 0, 0, 196, 12, 181, 236, 71, 3]*****************
**************value=[0, 1, 2, 0, 0, 0, 1, 0, 0, 196, 12, 181, 236, 71, 3]*****************
**************value=[0, 1, 2, 0, 0, 0, 1, 0, 0, 196, 12, 181, 236, 71, 3]*****************
**************value=[0, 1, 2, 0, 0, 0, 1, 0, 0, 196, 12, 181, 236, 71, 3]*****************
**************value=[0, 1, 2, 0, 0, 0, 1, 0, 0, 196, 12, 181, 236, 71, 3]*****************
**************value=[0, 1, 2, 0, 0, 0, 1, 0, 0, 196, 12, 181, 236, 71, 3]*****************
**************value=[0, 1, 2, 0, 0, 0, 1, 0, 0, 196, 12, 181, 236, 71, 3]*****************
**************value=[0, 1, 2, 0, 0, 0, 1, 0, 0, 196, 12, 181, 236, 71, 3]*****************
**************value=[0, 1, 2, 0, 0, 0, 1, 0, 0, 196, 12, 181, 236, 71, 3]*****************
**************value=[0, 1, 2, 0, 0, 0, 1, 0, 0, 196, 12, 181, 236, 71, 3]*****************
**************value=[0, 1, 2, 0, 0, 0, 1, 0, 0, 196, 12, 181, 236, 71, 3]*****************
**************value=[0, 1, 4, 0, 0, 0, 1, 0, 0, 196, 17, 181, 236, 71, 3]*****************
**************value=[0, 1, 4, 0, 0, 0, 1, 0, 0, 196, 17, 181, 236, 71, 3]*****************
**************value=[0, 1, 4, 0, 0, 0, 1, 0, 0, 196, 17, 181, 236, 71, 3]*****************
**************value=[0, 1, 4, 0, 0, 0, 1, 0, 0, 196, 17, 181, 236, 71, 3]*****************
**************value=[0, 1, 4, 0, 0, 0, 1, 0, 0, 196, 17, 181, 236, 71, 3]*****************
**************value=[0, 1, 4, 0, 0, 0, 1, 0, 0, 196, 17, 181, 236, 71, 3]*****************
**************value=[0, 1, 4, 0, 0, 0, 1, 0, 0, 196, 17, 181, 236, 71, 3]*****************
**************value=[0, 1, 4, 0, 0, 0, 1, 0, 0, 196, 17, 181, 236, 71, 3]*****************
**************value=[0, 1, 4, 0, 0, 0, 1, 0, 0, 196, 17, 181, 236, 71, 3]*****************
**************value=[0, 1, 4, 0, 0, 0, 1, 0, 0, 196, 17, 181, 236, 71, 3]*****************
**************value=[0, 1, 4, 0, 0, 0, 1, 0, 0, 196, 17, 181, 236, 71, 3]*****************
**************value=[0, 1, 4, 0, 0, 0, 1, 0, 0, 196, 17, 181, 236, 71, 3]*****************
**************value=[0, 1, 4, 0, 0, 0, 1, 0, 0, 196, 17, 181, 236, 71, 3]*****************
**************value=[0, 1, 4, 0, 0, 0, 1, 0, 0, 196, 17, 181, 236, 71, 3]*****************
**************value=[0, 1, 4, 0, 0, 0, 1, 0, 0, 196, 17, 181, 236, 71, 3]*****************
**************value=[0, 1, 4, 0, 0, 0, 1, 0, 0, 196, 17, 181, 236, 71, 3]*****************
**************value=[0, 1, 8, 0, 0, 0, 1, 0, 0, 12, 31, 181, 236, 71, 3]*****************
**************value=[0, 1, 8, 0, 0, 0, 1, 0, 0, 12, 31, 181, 236, 71, 3]*****************
**************value=[0, 1, 8, 0, 0, 0, 1, 0, 0, 12, 31, 181, 236, 71, 3]*****************
**************value=[0, 1, 8, 0, 0, 0, 1, 0, 0, 12, 31, 181, 236, 71, 3]*****************
**************value=[0, 1, 8, 0, 0, 0, 1, 0, 0, 12, 31, 181, 236, 71, 3]*****************
**************value=[0, 1, 8, 0, 0, 0, 1, 0, 0, 12, 31, 181, 236, 71, 3]*****************
**************value=[0, 1, 8, 0, 0, 0, 1, 0, 0, 12, 31, 181, 236, 71, 3]*****************
**************value=[0, 1, 8, 0, 0, 0, 1, 0, 0, 12, 31, 181, 236, 71, 3]*****************
**************value=[0, 1, 8, 0, 0, 0, 1, 0, 0, 12, 31, 181, 236, 71, 3]*****************
**************value=[0, 1, 8, 0, 0, 0, 1, 0, 0, 12, 31, 181, 236, 71, 3]*****************
**************value=[0, 1, 8, 0, 0, 0, 1, 0, 0, 12, 31, 181, 236, 71, 3]*****************
**************value=[0, 1, 8, 0, 0, 0, 1, 0, 0, 12, 31, 181, 236, 71, 3]*****************
**************value=[0, 1, 8, 0, 0, 0, 1, 0, 0, 12, 31, 181, 236, 71, 3]*****************
**************value=[0, 1, 8, 0, 0, 0, 1, 0, 0, 12, 31, 181, 236, 71, 3]*****************
**************value=[0, 1, 8, 0, 0, 0, 1, 0, 0, 12, 31, 181, 236, 71, 3]*****************
**************value=[0, 1, 8, 0, 0, 0, 1, 0, 0, 12, 31, 181, 236, 71, 3]*****************
**************value=[0, 1, 8, 0, 0, 0, 1, 0, 0, 12, 31, 181, 236, 71, 3]*****************
**************value=[0, 1, 8, 0, 0, 0, 1, 0, 0, 12, 31, 181, 236, 71, 3]*****************
**************value=[0, 1, 8, 0, 0, 0, 1, 0, 0, 12, 31, 181, 236, 71, 3]*****************
**************value=[0, 1, 8, 0, 0, 0, 1, 0, 0, 12, 31, 181, 236, 71, 3]*****************
**************value=[0, 1, 8, 0, 0, 0, 1, 0, 0, 12, 31, 181, 236, 71, 3]*****************
**************value=[0, 1, 8, 0, 0, 0, 1, 0, 0, 12, 31, 181, 236, 71, 3]*****************
**************value=[0, 1, 1, 0, 0, 0, 1, 0, 0, 4, 7, 181, 236, 71, 3]*****************
**************value=[0, 1, 1, 0, 0, 0, 1, 0, 0, 4, 7, 181, 236, 71, 3]*****************
**************value=[0, 1, 1, 0, 0, 0, 1, 0, 0, 4, 7, 181, 236, 71, 3]*****************
**************value=[0, 1, 1, 0, 0, 0, 1, 0, 0, 4, 7, 181, 236, 71, 3]*****************
**************value=[0, 1, 1, 0, 0, 0, 1, 0, 0, 4, 7, 181, 236, 71, 3]*****************
**************value=[0, 1, 1, 0, 0, 0, 1, 0, 0, 4, 7, 181, 236, 71, 3]*****************
**************value=[0, 1, 1, 0, 0, 0, 1, 0, 0, 4, 7, 181, 236, 71, 3]*****************
**************value=[0, 1, 1, 0, 0, 0, 1, 0, 0, 4, 7, 181, 236, 71, 3]*****************
**************value=[0, 1, 1, 0, 0, 0, 1, 0, 0, 4, 7, 181, 236, 71, 3]*****************
**************value=[0, 1, 1, 0, 0, 0, 1, 0, 0, 4, 7, 181, 236, 71, 3]*****************
**************value=[0, 1, 1, 0, 0, 0, 1, 0, 0, 4, 7, 181, 236, 71, 3]*****************
**************value=[0, 1, 1, 0, 0, 0, 1, 0, 0, 4, 7, 181, 236, 71, 3]*****************
**************value=[0, 1, 1, 0, 0, 0, 1, 0, 0, 4, 7, 181, 236, 71, 3]*****************
**************value=[0, 1, 1, 0, 0, 0, 1, 0, 0, 4, 7, 181, 236, 71, 3]*****************
**************value=[0, 1, 1, 0, 0, 0, 1, 0, 0, 4, 7, 181, 236, 71, 3]*****************
**************value=[0, 1, 1, 0, 0, 0, 1, 0, 0, 4, 7, 181, 236, 71, 3]*****************
**************value=[0, 1, 1, 0, 0, 0, 1, 0, 0, 4, 7, 181, 236, 71, 3]*****************
**************value=[0, 1, 1, 0, 0, 0, 1, 0, 0, 4, 7, 181, 236, 71, 3]*****************
**************value=[0, 1, 1, 0, 0, 0, 1, 0, 0, 4, 7, 181, 236, 71, 3]*****************
**************value=[0, 1, 1, 0, 0, 0, 1, 0, 0, 4, 7, 181, 236, 71, 3]*****************
**************value=[0, 1, 1, 0, 0, 0, 1, 0, 0, 4, 7, 181, 236, 71, 3]*****************
**************value=[0, 1, 1, 0, 0, 0, 1, 0, 0, 4, 7, 181, 236, 71, 3]*****************
**************value=[0, 1, 1, 0, 0, 0, 1, 0, 0, 4, 7, 181, 236, 71, 3]*****************
**************value=[0, 1, 1, 0, 0, 0, 1, 0, 0, 4, 7, 181, 236, 71, 3]*****************
**************value=[0, 1, 1, 0, 0, 0, 1, 0, 0, 4, 7, 181, 236, 71, 3]*****************
**************value=[0, 1, 1, 0, 0, 0, 1, 0, 0, 4, 7, 181, 236, 71, 3]*****************
**************value=[0, 1, 1, 0, 0, 0, 1, 0, 0, 4, 7, 181, 236, 71, 3]*****************
**************value=[0, 1, 1, 0, 0, 0, 1, 0, 0, 4, 7, 181, 236, 71, 3]*****************
**************value=[0, 1, 1, 0, 0, 0, 1, 0, 0, 4, 7, 181, 236, 71, 3]*****************
**************value=[0, 1, 1, 0, 0, 0, 1, 0, 0, 4, 7, 181, 236, 71, 3]*****************
**************value=[0, 1, 1, 0, 0, 0, 1, 0, 0, 4, 7, 181, 236, 71, 3]*****************
**************value=[0, 1, 1, 0, 0, 0, 1, 0, 0, 4, 7, 181, 236, 71, 3]*****************
**************value=[0, 1, 1, 0, 0, 0, 1, 0, 0, 4, 7, 181, 236, 71, 3]*****************
**************value=[0, 1, 1, 0, 0, 0, 1, 0, 0, 4, 7, 181, 236, 71, 3]*****************
**************value=[0, 1, 1, 0, 0, 0, 1, 0, 0, 4, 7, 181, 236, 71, 3]*****************
**************value=[0, 1, 1, 0, 0, 0, 1, 0, 0, 4, 7, 181, 236, 71, 3]*****************
**************value=[0, 1, 1, 0, 0, 0, 1, 0, 0, 4, 7, 181, 236, 71, 3]*****************
**************value=[0, 1, 1, 0, 0, 0, 1, 0, 0, 4, 7, 181, 236, 71, 3]*****************
**************value=[0, 1, 1, 0, 0, 0, 1, 0, 0, 4, 7, 181, 236, 71, 3]*****************
**************value=[0, 1, 1, 0, 0, 0, 1, 0, 0, 4, 7, 181, 236, 71, 3]*****************
**************value=[0, 1, 1, 0, 0, 0, 1, 0, 0, 4, 7, 181, 236, 71, 3]*****************
**************value=[0, 1, 1, 0, 0, 0, 1, 0, 0, 4, 7, 181, 236, 71, 3]*****************
**************value=[0, 1, 1, 0, 0, 0, 1, 0, 0, 4, 7, 181, 236, 71, 3]*****************
**************value=[0, 1, 7, 0, 0, 0, 1, 0, 0, 12, 28, 181, 236, 71, 3]*****************
**************value=[0, 1, 7, 0, 0, 0, 1, 0, 0, 12, 28, 181, 236, 71, 3]*****************
**************value=[0, 1, 7, 0, 0, 0, 1, 0, 0, 12, 28, 181, 236, 71, 3]*****************
**************value=[0, 1, 7, 0, 0, 0, 1, 0, 0, 12, 28, 181, 236, 71, 3]*****************
**************value=[0, 1, 7, 0, 0, 0, 1, 0, 0, 12, 28, 181, 236, 71, 3]*****************
**************value=[0, 1, 1, 0, 0, 0, 1, 0, 0, 4, 7, 181, 236, 71, 3]*****************
**************value=[0, 1, 1, 0, 0, 0, 1, 0, 0, 4, 7, 181, 236, 71, 3]*****************
**************value=[0, 1, 1, 0, 0, 0, 1, 0, 0, 4, 7, 181, 236, 71, 3]*****************
**************value=[0, 1, 1, 0, 0, 0, 1, 0, 0, 4, 7, 181, 236, 71, 3]*****************
**************value=[0, 1, 1, 0, 0, 0, 1, 0, 0, 4, 7, 181, 236, 71, 3]*****************
**************value=[0, 1, 1, 0, 0, 0, 1, 0, 0, 4, 7, 181, 236, 71, 3]*****************
**************value=[0, 1, 5, 0, 0, 0, 1, 0, 0, 192, 19, 181, 236, 71, 3]*****************
**************value=[0, 1, 5, 0, 0, 0, 1, 0, 0, 192, 19, 181, 236, 71, 3]*****************
**************value=[0, 1, 5, 0, 0, 0, 1, 0, 0, 192, 19, 181, 236, 71, 3]*****************
**************value=[0, 1, 5, 0, 0, 0, 1, 0, 0, 192, 19, 181, 236, 71, 3]*****************
**************value=[0, 1, 5, 0, 0, 0, 1, 0, 0, 192, 19, 181, 236, 71, 3]*****************
**************value=[0, 1, 5, 0, 0, 0, 1, 0, 0, 192, 19, 181, 236, 71, 3]*****************
**************value=[0, 1, 5, 0, 0, 0, 1, 0, 0, 192, 19, 181, 236, 71, 3]*****************
**************value=[0, 1, 5, 0, 0, 0, 1, 0, 0, 192, 19, 181, 236, 71, 3]*****************
**************value=[0, 1, 5, 0, 0, 0, 1, 0, 0, 192, 19, 181, 236, 71, 3]*****************
**************value=[0, 1, 5, 0, 0, 0, 1, 0, 0, 192, 19, 181, 236, 71, 3]*****************
**************value=[0, 1, 5, 0, 0, 0, 1, 0, 0, 192, 19, 181, 236, 71, 3]*****************
**************value=[0, 1, 5, 0, 0, 0, 1, 0, 0, 192, 19, 181, 236, 71, 3]*****************
**************value=[0, 1, 5, 0, 0, 0, 1, 0, 0, 192, 19, 181, 236, 71, 3]*****************
**************value=[0, 1, 5, 0, 0, 0, 1, 0, 0, 192, 19, 181, 236, 71, 3]*****************
**************value=[0, 1, 5, 0, 0, 0, 1, 0, 0, 192, 19, 181, 236, 71, 3]*****************
**************value=[0, 1, 5, 0, 0, 0, 1, 0, 0, 192, 19, 181, 236, 71, 3]*****************
**************value=[0, 1, 5, 0, 0, 0, 1, 0, 0, 192, 19, 181, 236, 71, 3]*****************
**************value=[0, 1, 5, 0, 0, 0, 1, 0, 0, 192, 19, 181, 236, 71, 3]*****************
**************value=[0, 1, 5, 0, 0, 0, 1, 0, 0, 192, 19, 181, 236, 71, 3]*****************
**************value=[0, 1, 5, 0, 0, 0, 1, 0, 0, 192, 19, 181, 236, 71, 3]*****************
**************value=[0, 1, 5, 0, 0, 0, 1, 0, 0, 192, 19, 181, 236, 71, 3]*****************
**************value=[0, 1, 5, 0, 0, 0, 1, 0, 0, 192, 19, 181, 236, 71, 3]*****************
**************value=[0, 1, 5, 0, 0, 0, 1, 0, 0, 192, 19, 181, 236, 71, 3]*****************
**************value=[0, 1, 5, 0, 0, 0, 1, 0, 0, 192, 19, 181, 236, 71, 3]*****************
**************value=[0, 1, 5, 0, 0, 0, 1, 0, 0, 192, 19, 181, 236, 71, 3]*****************
**************value=[0, 1, 5, 0, 0, 0, 1, 0, 0, 192, 19, 181, 236, 71, 3]*****************
**************value=[0, 1, 5, 0, 0, 0, 1, 0, 0, 192, 19, 181, 236, 71, 3]*****************
**************value=[0, 1, 5, 0, 0, 0, 1, 0, 0, 192, 19, 181, 236, 71, 3]*****************
**************value=[0, 1, 5, 0, 0, 0, 1, 0, 0, 192, 19, 181, 236, 71, 3]*****************
**************value=[0, 1, 5, 0, 0, 0, 1, 0, 0, 192, 19, 181, 236, 71, 3]*****************
**************value=[0, 1, 5, 0, 0, 0, 1, 0, 0, 192, 19, 181, 236, 71, 3]*****************
**************value=[0, 1, 5, 0, 0, 0, 1, 0, 0, 192, 19, 181, 236, 71, 3]*****************
**************value=[0, 1, 5, 0, 0, 0, 1, 0, 0, 192, 19, 181, 236, 71, 3]*****************
**************value=[0, 1, 5, 0, 0, 0, 1, 0, 0, 192, 19, 181, 236, 71, 3]*****************
**************value=[0, 1, 5, 0, 0, 0, 1, 0, 0, 192, 19, 181, 236, 71, 3]*****************
**************value=[0, 1, 5, 0, 0, 0, 1, 0, 0, 192, 19, 181, 236, 71, 3]*****************
**************value=[0, 1, 5, 0, 0, 0, 1, 0, 0, 192, 19, 181, 236, 71, 3]*****************
**************value=[0, 1, 5, 0, 0, 0, 1, 0, 0, 192, 19, 181, 236, 71, 3]*****************
**************value=[0, 1, 5, 0, 0, 0, 1, 0, 0, 192, 19, 181, 236, 71, 3]*****************
**************value=[0, 1, 5, 0, 0, 0, 1, 0, 0, 192, 19, 181, 236, 71, 3]*****************
**************value=[0, 1, 5, 0, 0, 0, 1, 0, 0, 192, 19, 181, 236, 71, 3]*****************
**************value=[0, 1, 5, 0, 0, 0, 1, 0, 0, 192, 19, 181, 236, 71, 3]*****************
**************value=[0, 1, 5, 0, 0, 0, 1, 0, 0, 192, 19, 181, 236, 71, 3]*****************
**************value=[0, 1, 5, 0, 0, 0, 1, 0, 0, 192, 19, 181, 236, 71, 3]*****************
**************value=[0, 1, 5, 0, 0, 0, 1, 0, 0, 192, 19, 181, 236, 71, 3]*****************
**************value=[0, 1, 5, 0, 0, 0, 1, 0, 0, 192, 19, 181, 236, 71, 3]*****************
**************value=[0, 1, 5, 0, 0, 0, 1, 0, 0, 192, 19, 181, 236, 71, 3]*****************
**************value=[0, 1, 5, 0, 0, 0, 1, 0, 0, 192, 19, 181, 236, 71, 3]*****************
**************value=[0, 1, 5, 0, 0, 0, 1, 0, 0, 192, 19, 181, 236, 71, 3]*****************
**************value=[0, 1, 5, 0, 0, 0, 1, 0, 0, 192, 19, 181, 236, 71, 3]*****************
**************value=[0, 1, 5, 0, 0, 0, 1, 0, 0, 192, 19, 181, 236, 71, 3]*****************
**************value=[0, 1, 5, 0, 0, 0, 1, 0, 0, 192, 19, 181, 236, 71, 3]*****************
**************value=[0, 1, 5, 0, 0, 0, 1, 0, 0, 192, 19, 181, 236, 71, 3]*****************
**************value=[0, 1, 5, 0, 0, 0, 1, 0, 0, 192, 19, 181, 236, 71, 3]*****************
**************value=[0, 1, 5, 0, 0, 0, 1, 0, 0, 192, 19, 181, 236, 71, 3]*****************
**************value=[0, 1, 5, 0, 0, 0, 1, 0, 0, 192, 19, 181, 236, 71, 3]*****************
**************value=[0, 1, 5, 0, 0, 0, 1, 0, 0, 192, 19, 181, 236, 71, 3]*****************
**************value=[0, 1, 2, 0, 0, 0, 1, 0, 0, 196, 12, 181, 236, 71, 3]*****************
**************value=[0, 1, 7, 0, 0, 0, 1, 0, 0, 12, 28, 181, 236, 71, 3]*****************
**************value=[0, 1, 7, 0, 0, 0, 1, 0, 0, 12, 28, 181, 236, 71, 3]*****************
**************value=[0, 1, 7, 0, 0, 0, 1, 0, 0, 12, 28, 181, 236, 71, 3]*****************
**************value=[0, 1, 7, 0, 0, 0, 1, 0, 0, 12, 28, 181, 236, 71, 3]*****************
**************value=[0, 1, 7, 0, 0, 0, 1, 0, 0, 12, 28, 181, 236, 71, 3]*****************
**************value=[0, 1, 7, 0, 0, 0, 1, 0, 0, 12, 28, 181, 236, 71, 3]*****************
**************value=[0, 1, 3, 0, 0, 0, 1, 0, 0, 196, 14, 181, 236, 71, 3]*****************
**************value=[0, 1, 3, 0, 0, 0, 1, 0, 0, 196, 14, 181, 236, 71, 3]*****************
**************value=[0, 1, 3, 0, 0, 0, 1, 0, 0, 196, 14, 181, 236, 71, 3]*****************
**************value=[0, 1, 3, 0, 0, 0, 1, 0, 0, 196, 14, 181, 236, 71, 3]*****************
**************value=[0, 1, 3, 0, 0, 0, 1, 0, 0, 196, 14, 181, 236, 71, 3]*****************
**************value=[0, 1, 3, 0, 0, 0, 1, 0, 0, 196, 14, 181, 236, 71, 3]*****************
**************value=[0, 1, 3, 0, 0, 0, 1, 0, 0, 196, 14, 181, 236, 71, 3]*****************
**************value=[0, 1, 3, 0, 0, 0, 1, 0, 0, 196, 14, 181, 236, 71, 3]*****************
**************value=[0, 1, 3, 0, 0, 0, 1, 0, 0, 196, 14, 181, 236, 71, 3]*****************
**************value=[0, 1, 3, 0, 0, 0, 1, 0, 0, 196, 14, 181, 236, 71, 3]*****************
**************value=[0, 1, 3, 0, 0, 0, 1, 0, 0, 196, 14, 181, 236, 71, 3]*****************
**************value=[0, 1, 3, 0, 0, 0, 1, 0, 0, 196, 14, 181, 236, 71, 3]*****************
**************value=[0, 1, 3, 0, 0, 0, 1, 0, 0, 196, 14, 181, 236, 71, 3]*****************
**************value=[0, 1, 3, 0, 0, 0, 1, 0, 0, 196, 14, 181, 236, 71, 3]*****************
**************value=[0, 1, 3, 0, 0, 0, 1, 0, 0, 196, 14, 181, 236, 71, 3]*****************
**************value=[0, 1, 3, 0, 0, 0, 1, 0, 0, 196, 14, 181, 236, 71, 3]*****************
**************value=[0, 1, 3, 0, 0, 0, 1, 0, 0, 196, 14, 181, 236, 71, 3]*****************
**************value=[0, 1, 3, 0, 0, 0, 1, 0, 0, 196, 14, 181, 236, 71, 3]*****************
**************value=[0, 1, 3, 0, 0, 0, 1, 0, 0, 196, 14, 181, 236, 71, 3]*****************
**************value=[0, 1, 3, 0, 0, 0, 1, 0, 0, 196, 14, 181, 236, 71, 3]*****************
**************value=[0, 1, 3, 0, 0, 0, 1, 0, 0, 196, 14, 181, 236, 71, 3]*****************
**************value=[0, 1, 3, 0, 0, 0, 1, 0, 0, 196, 14, 181, 236, 71, 3]*****************
**************value=[0, 1, 3, 0, 0, 0, 1, 0, 0, 196, 14, 181, 236, 71, 3]*****************
**************value=[0, 1, 3, 0, 0, 0, 1, 0, 0, 196, 14, 181, 236, 71, 3]*****************
**************value=[0, 1, 3, 0, 0, 0, 1, 0, 0, 196, 14, 181, 236, 71, 3]*****************
**************value=[0, 1, 3, 0, 0, 0, 1, 0, 0, 196, 14, 181, 236, 71, 3]*****************
**************value=[0, 1, 3, 0, 0, 0, 1, 0, 0, 196, 14, 181, 236, 71, 3]*****************
**************value=[0, 1, 3, 0, 0, 0, 1, 0, 0, 196, 14, 181, 236, 71, 3]*****************
**************value=[0, 1, 3, 0, 0, 0, 1, 0, 0, 196, 14, 181, 236, 71, 3]*****************
**************value=[0, 1, 3, 0, 0, 0, 1, 0, 0, 196, 14, 181, 236, 71, 3]*****************
**************value=[0, 1, 3, 0, 0, 0, 1, 0, 0, 196, 14, 181, 236, 71, 3]*****************
**************value=[0, 1, 3, 0, 0, 0, 1, 0, 0, 196, 14, 181, 236, 71, 3]*****************
**************value=[0, 1, 3, 0, 0, 0, 1, 0, 0, 196, 14, 181, 236, 71, 3]*****************
**************value=[0, 1, 3, 0, 0, 0, 1, 0, 0, 196, 14, 181, 236, 71, 3]*****************
**************value=[0, 1, 3, 0, 0, 0, 1, 0, 0, 196, 14, 181, 236, 71, 3]*****************
**************value=[0, 1, 3, 0, 0, 0, 1, 0, 0, 196, 14, 181, 236, 71, 3]*****************
**************value=[0, 1, 5, 0, 0, 0, 1, 0, 0, 192, 19, 181, 236, 71, 3]*****************
**************value=[0, 1, 2, 0, 0, 0, 1, 0, 0, 196, 12, 181, 236, 71, 3]*****************
